0000000000000000000000000000000000000000000000000
0000000000000000000000000000000000000000000000000
0000000000000000000000000000000000000000000000000
0000000000000000000000000000000000000000000000000
0000000000000000000000000000000000000000000000000
0000000000000000000000000000000000000000000000000
0000000000000000000000000000000000000000000000000
0000000000000000000000000000000000000000000000000
0000000000000000000000000000000000000000000000000
0000000000001111110110000000000000000000000000000
0000000000001111110110000000000000000000000000000
0000000000000000000110000000000000110110000000000
0000000000001100000110000000000000100010000000000
0000000000001100000110000000000010010100100000000
0000000000001100000110000000000010100010100000000
0000000000001100000000000000000001000001000000000
0000000000001101111110000000000000000000000000000
0000000000001101111110000000000000000000000000000
0000000000000000000000000000000000000000000000000
0000000000000000000000000000000000000000000000000
